[4037 3871 3522 2646 2512 1932 922 521 515 407 312 304 269 181 146 123] 5 0 0 4444
[3871 3522 2646 2512 1932 922 521 515 407 312 304 269 181 146 123] 5 4037 0 4444
[3871 3522 2646 2512 1932 922 521 515 407 312 304 269 181 146 123] 5 4037 1 4444
[3871 3522 2646 2512 1932 922 521 515 407 312 304 269 181 146 123] 5 4037 2 4444
[3871 3522 2646 2512 1932 922 521 515 407 312 304 269 181 146 123] 5 4037 3 4444
[3871 3522 2646 2512 1932 922 521 515 407 312 304 269 181 146 123] 5 4037 4 4444
[3871 3522 2646 2512 1932 922 521 515 407 312 304 269 181 146 123] 5 4037 5 4444
[3871 3522 2646 2512 1932 922 521 515 407 312 304 269 181 146 123] 5 4037 6 4444
[3871 3522 2646 2512 1932 922 521 515 407 312 304 269 181 146 123] 5 4037 7 4444
[3871 3522 2646 2512 1932 922 521 515 407 312 304 269 181 146 123] 5 4037 8 4444
[3871 3522 2646 2512 1932 922 521 515 312 304 269 181 146 123] 4 0 0 4444
[3522 2646 2512 1932 922 521 515 312 304 269 181 146 123] 4 3871 0 4444
[3522 2646 2512 1932 922 521 515 312 304 269 181 146 123] 4 3871 1 4444
[3522 2646 2512 1932 922 521 515 312 304 269 181 146 123] 4 3871 2 4444
[3522 2646 2512 1932 922 521 515 312 304 269 181 146 123] 4 3871 3 4444
[3522 2646 2512 1932 922 521 515 312 304 269 181 146 123] 4 3871 4 4444
[3522 2646 2512 1932 922 521 515 312 304 269 181 146 123] 4 3871 5 4444
[3522 2646 2512 1932 922 515 312 304 269 181 146 123] 4 4392 5 4444
[3522 2646 2512 1932 922 515 312 304 269 181 146 123] 4 4392 6 4444
[3522 2646 2512 1932 922 515 312 304 269 181 146 123] 4 4392 7 4444
[3522 2646 2512 1932 922 515 312 304 269 181 146 123] 4 4392 8 4444
[3522 2646 2512 1932 922 515 312 304 269 181 146 123] 4 4392 9 4444
[3522 2646 2512 1932 922 515 312 304 269 181 146 123] 4 4392 10 4444
[3522 2646 2512 1932 922 515 312 304 269 181 146 123] 4 4392 11 4444
[3522 2646 2512 1932 922 515 312 304 269 181 146 123] 4 4392 12 4444
[3522 2646 2512 1932 922 515 312 304 269 181 146 123] 4 3871 6 4444
[3522 2646 2512 1932 922 515 304 269 181 146 123] 4 4183 6 4444
[3522 2646 2512 1932 922 515 304 269 181 146 123] 4 4183 7 4444
[3522 2646 2512 1932 922 515 304 269 181 146 123] 4 4183 8 4444
[3522 2646 2512 1932 922 515 304 269 146 123] 4 4364 8 4444
[3522 2646 2512 1932 922 515 304 269 146 123] 4 4364 9 4444
[3522 2646 2512 1932 922 515 304 269 146 123] 4 4364 10 4444
[3522 2646 2512 1932 922 515 304 269 146 123] 4 4183 9 4444
[3522 2646 2512 1932 922 515 304 269 146] 4 4306 9 4444
[3522 2646 2512 1932 922 515 304 269 146] 4 4183 10 4444
[3522 2646 2512 1932 922 515 304 269 181 146 123] 4 3871 7 4444
[3522 2646 2512 1932 922 515 304 181 146 123] 4 4140 7 4444
[3522 2646 2512 1932 922 515 304 146 123] 4 4321 7 4444
[3522 2646 2512 1932 922 515 304 146 123] 4 4321 8 4444
[3522 2646 2512 1932 922 515 304 146] 3 0 0 4444
[2646 2512 1932 922 515 304 146] 3 3522 0 4444
[2646 2512 1932 922 515 304 146] 3 3522 1 4444
[2646 2512 1932 922 515 304 146] 3 3522 2 4444
[2646 2512 1932 922 515 304 146] 3 3522 3 4444
[2646 2512 1932 515 304 146] 2 0 0 4444
[2512 1932 515 304 146] 2 2646 0 4444
[2512 1932 515 304 146] 2 2646 1 4444
[2512 1932 515 304 146] 2 2646 2 4444
[2512 1932 304 146] 2 3161 2 4444
[2512 1932 146] 2 3465 2 4444
[2512 1932] 2 3611 2 4444
[2512 1932] 2 3465 3 4444
[2512 1932 146] 2 3161 3 4444
[2512 1932 304 146] 2 2646 3 4444
[2512 1932 304] 2 2792 3 4444
[2512 1932 304] 2 2646 4 4444
[2512 1932 515 304 146] 2 0 1 4444
[2512 515 304 146] 2 1932 1 4444
[2512 304 146] 2 2447 1 4444
[2512 146] 2 2751 1 4444
[2512] 2 2897 1 4444
[2512] 2 2751 2 4444
[2512 146] 2 2447 2 4444
[2512 304 146] 2 1932 2 4444
[2512 304] 2 2078 2 4444
[2512 304] 2 1932 3 4444
[2512 515 304 146] 2 0 2 4444
[2512 515 146] 2 304 2 4444
[2512 515] 2 450 2 4444
[2512 515] 2 304 3 4444
[2512 515 146] 2 0 3 4444
[2646 2512 1932 922 515 304 146] 3 0 1 4444
[2646 1932 922 515 304 146] 3 2512 1 4444
[2646 922 515 304 146] 2 0 0 4444
[922 515 304 146] 2 2646 0 4444
[515 304 146] 2 3568 0 4444
[304 146] 2 4083 0 4444
[146] 2 4387 0 4444
[146] 2 4387 1 4444
[146] 2 4083 1 4444
[304 146] 2 3568 1 4444
[304] 2 3714 1 4444
[304] 2 3568 2 4444
[515 304 146] 2 2646 1 4444
[515 146] 2 2950 1 4444
[515] 2 3096 1 4444
[515] 2 2950 2 4444
[515 146] 2 2646 2 4444
[922 515 304 146] 2 0 1 4444
[922 304 146] 2 515 1 4444
[922 146] 2 819 1 4444
[922] 2 965 1 4444
[922] 2 819 2 4444
[922 146] 2 515 2 4444
[922 304 146] 2 0 2 4444
[922 304] 2 146 2 4444
[922 304] 2 0 3 4444
[2646 1932 922 515 304 146] 3 0 2 4444
[2646 1932 515 304 146] 3 922 2 4444
[2646 1932 304 146] 3 1437 2 4444
[2646 1932 146] 3 1741 2 4444
[2646 1932] 3 1887 2 4444
[2646 1932] 3 1741 3 4444
[2646 1932 146] 3 1437 3 4444
[2646 1932 304 146] 3 922 3 4444
[2646 1932 304] 3 1068 3 4444
[2646 1932 304] 3 922 4 4444
[2646 1932 515 304 146] 3 0 3 4444
[2646 1932 515 146] 3 304 3 4444
[2646 1932 515] 3 450 3 4444
[2646 1932 515] 3 304 4 4444
[2646 1932 515 146] 3 0 4 4444
[3522 2646 2512 1932 922 515 304 146 123] 4 4140 8 4444
[3522 2646 2512 1932 922 515 304 146] 4 4263 8 4444
[3522 2646 2512 1932 922 515 304 146] 4 4140 9 4444
[3522 2646 2512 1932 922 515 304 181 146 123] 4 3871 8 4444
[3522 2646 2512 1932 922 515 304 181 123] 4 4017 8 4444
[3522 2646 2512 1932 922 515 304 181] 4 4140 8 4444
[3522 2646 2512 1932 922 515 304 181] 4 4017 9 4444
[3522 2646 2512 1932 922 515 304 181 123] 4 3871 9 4444
[3522 2646 2512 1932 922 521 515 312 304 269 181 146 123] 4 0 1 4444
[3522 2512 1932 922 521 515 312 304 269 181 146 123] 4 2646 1 4444
[3522 2512 1932 922 521 515 312 304 269 181 146 123] 4 2646 2 4444
[3522 2512 1932 922 521 515 312 304 269 181 146 123] 4 2646 3 4444
[3522 2512 1932 521 515 312 304 269 181 146 123] 4 3568 3 4444
[3522 2512 1932 515 312 304 269 181 146 123] 4 4089 3 4444
[3522 2512 1932 515 312 304 269 181 146 123] 4 4089 4 4444
[3522 2512 1932 515 304 269 181 146 123] 4 4401 4 4444
[3522 2512 1932 515 304 269 181 146 123] 4 4401 5 4444
[3522 2512 1932 515 304 269 181 146 123] 4 4401 6 4444
[3522 2512 1932 515 304 269 181 146 123] 4 4401 7 4444
[3522 2512 1932 515 304 269 181 146 123] 4 4401 8 4444
[3522 2512 1932 515 304 269 181 146 123] 4 4401 9 4444
[3522 2512 1932 515 304 269 181 146 123] 4 4089 5 4444
[3522 2512 1932 515 304 181 146 123] 4 4358 5 4444
[3522 2512 1932 515 304 181 146 123] 4 4358 6 4444
[3522 2512 1932 515 304 181 146 123] 4 4358 7 4444
[3522 2512 1932 515 304 181 146 123] 4 4358 8 4444
[3522 2512 1932 515 304 181 146 123] 4 4089 6 4444
[3522 2512 1932 515 304 181 123] 4 4235 6 4444
[3522 2512 1932 515 304 181] 4 4358 6 4444
[3522 2512 1932 515 304 181] 4 4235 7 4444
[3522 2512 1932 515 304 181 123] 4 4089 7 4444
[3522 2512 1932 515 312 304 269 181 146 123] 4 3568 4 4444
[3522 2512 1932 515 304 269 181 146 123] 4 3880 4 4444
[3522 2512 1932 515 269 181 146 123] 4 4184 4 4444
[3522 2512 1932 515 269 181 146 123] 4 4184 5 4444
[3522 2512 1932 515 269 146 123] 4 4365 5 4444
[3522 2512 1932 515 269 146 123] 4 4365 6 4444
[3522 2512 1932 515 269 146 123] 4 4365 7 4444
[3522 2512 1932 515 269 146 123] 4 4184 6 4444
[3522 2512 1932 515 269 146] 4 4307 6 4444
[3522 2512 1932 515 269 146] 4 4184 7 4444
[3522 2512 1932 515 269 181 146 123] 4 3880 5 4444
[3522 2512 1932 515 269 146 123] 4 4061 5 4444
[3522 2512 1932 515 269 123] 4 4207 5 4444
[3522 2512 1932 515 269] 4 4330 5 4444
[3522 2512 1932 515 269] 4 4207 6 4444
[3522 2512 1932 515 269 123] 4 4061 6 4444
[3522 2512 1932 515 269 146 123] 4 3880 6 4444
[3522 2512 1932 515 269 146] 4 4003 6 4444
[3522 2512 1932 515 269 146] 4 3880 7 4444
[3522 2512 1932 515 304 269 181 146 123] 4 3568 5 4444
[3522 2512 1932 515 304 181 146 123] 4 3837 5 4444
[3522 2512 1932 515 304 146 123] 4 4018 5 4444
[3522 2512 1932 515 304 123] 4 4164 5 4444
[3522 2512 1932 515 304] 4 4287 5 4444
[3522 2512 1932 515 304] 4 4164 6 4444
[3522 2512 1932 515 304 123] 4 4018 6 4444
[3522 2512 1932 515 304 146 123] 4 3837 6 4444
[3522 2512 1932 515 304 146] 4 3960 6 4444
[3522 2512 1932 515 304 146] 4 3837 7 4444
[3522 2512 1932 515 304 181 146 123] 4 3568 6 4444
[3522 2512 1932 515 304 181 123] 4 3714 6 4444
[3522 2512 1932 515 304 181] 4 3837 6 4444
[3522 2512 1932 515 304 181] 4 3714 7 4444
[3522 2512 1932 515 304 181 123] 4 3568 7 4444
[3522 2512 1932 521 515 312 304 269 181 146 123] 4 2646 4 4444
[3522 2512 1932 521 312 304 269 181 146 123] 4 3161 4 4444
[3522 2512 1932 521 304 269 181 146 123] 4 3473 4 4444
[3522 2512 1932 521 269 181 146 123] 4 3777 4 4444
[3522 2512 1932 521 181 146 123] 4 4046 4 4444
[3522 2512 1932 521 146 123] 4 4227 4 4444
[3522 2512 1932 521 123] 4 4373 4 4444
[3522 2512 1932 521 123] 4 4373 5 4444
[3522 2512 1932 521 123] 4 4227 5 4444
[3522 2512 1932 521 146 123] 4 4046 5 4444
[3522 2512 1932 521 146] 4 4169 5 4444
[3522 2512 1932 521 146] 4 4046 6 4444
[3522 2512 1932 521 181 146 123] 4 3777 5 4444
[3522 2512 1932 521 181 123] 4 3923 5 4444
[3522 2512 1932 521 181] 4 4046 5 4444
[3522 2512 1932 521 181] 4 3923 6 4444
[3522 2512 1932 521 181 123] 4 3777 6 4444
[3522 2512 1932 521 269 181 146 123] 4 3473 5 4444
[3522 2512 1932 521 269 146 123] 4 3654 5 4444
[3522 2512 1932 521 269 123] 4 3800 5 4444
[3522 2512 1932 521 269] 4 3923 5 4444
[3522 2512 1932 521 269] 4 3800 6 4444
[3522 2512 1932 521 269 123] 4 3654 6 4444
[3522 2512 1932 521 269 146 123] 4 3473 6 4444
[3522 2512 1932 521 269 146] 4 3596 6 4444
[3522 2512 1932 521 269 146] 4 3473 7 4444
[3522 2512 1932 521 304 269 181 146 123] 4 3161 5 4444
[3522 2512 1932 521 304 181 146 123] 4 3430 5 4444
[3522 2512 1932 521 304 146 123] 4 3611 5 4444
[3522 2512 1932 521 304 123] 4 3757 5 4444
[3522 2512 1932 521 304] 4 3880 5 4444
[3522 2512 1932 521 304] 4 3757 6 4444
[3522 2512 1932 521 304 123] 4 3611 6 4444
[3522 2512 1932 521 304 146 123] 4 3430 6 4444
[3522 2512 1932 521 304 146] 4 3553 6 4444
[3522 2512 1932 521 304 146] 4 3430 7 4444
[3522 2512 1932 521 304 181 146 123] 4 3161 6 4444
[3522 2512 1932 521 304 181 123] 4 3307 6 4444
[3522 2512 1932 521 304 181] 4 3430 6 4444
[3522 2512 1932 521 304 181] 4 3307 7 4444
[3522 2512 1932 521 304 181 123] 4 3161 7 4444
[3522 2512 1932 521 312 304 269 181 146 123] 4 2646 5 4444
[3522 2512 1932 521 312 269 181 146 123] 4 2950 5 4444
[3522 2512 1932 521 312 181 146 123] 4 3219 5 4444
[3522 2512 1932 521 312 146 123] 4 3400 5 4444
[3522 2512 1932 521 312 123] 4 3546 5 4444
[3522 2512 1932 521 312] 4 3669 5 4444
[3522 2512 1932 521 312] 4 3546 6 4444
[3522 2512 1932 521 312 123] 4 3400 6 4444
[3522 2512 1932 521 312 146 123] 4 3219 6 4444
[3522 2512 1932 521 312 146] 4 3342 6 4444
[3522 2512 1932 521 312 146] 4 3219 7 4444
[3522 2512 1932 521 312 181 146 123] 4 2950 6 4444
[3522 2512 1932 521 312 181 123] 4 3096 6 4444
[3522 2512 1932 521 312 181] 4 3219 6 4444
[3522 2512 1932 521 312 181] 4 3096 7 4444
[3522 2512 1932 521 312 181 123] 4 2950 7 4444
[3522 2512 1932 521 312 269 181 146 123] 4 2646 6 4444
[3522 2512 1932 521 312 269 146 123] 4 2827 6 4444
[3522 2512 1932 521 312 269 123] 4 2973 6 4444
[3522 2512 1932 521 312 269] 4 3096 6 4444
[3522 2512 1932 521 312 269] 4 2973 7 4444
[3522 2512 1932 521 312 269 123] 4 2827 7 4444
[3522 2512 1932 521 312 269 146 123] 4 2646 7 4444
[3522 2512 1932 521 312 269 146] 4 2769 7 4444
[3522 2512 1932 521 312 269 146] 4 2646 8 4444
[3522 2512 1932 922 521 515 312 304 269 181 146 123] 4 0 2 4444
[3522 2512 922 521 515 312 304 269 181 146 123] 4 1932 2 4444
[3522 2512 521 515 312 304 269 181 146 123] 4 2854 2 4444
[3522 2512 515 312 304 269 181 146 123] 4 3375 2 4444
[3522 2512 312 304 269 181 146 123] 4 3890 2 4444
[3522 2512 304 269 181 146 123] 4 4202 2 4444
[3522 2512 304 269 181 146 123] 4 4202 3 4444
[3522 2512 304 269 181 146 123] 4 4202 4 4444
[3522 2512 304 269 146 123] 4 4383 4 4444
[3522 2512 304 269 146 123] 4 4383 5 4444
[3522 2512 304 269 146 123] 4 4383 6 4444
[3522 2512 304 269 146 123] 4 4202 5 4444
[3522 2512 304 269 146] 4 4325 5 4444
[3522 2512 304 269 146] 4 4202 6 4444
[3522 2512 304 269 181 146 123] 4 3890 3 4444
[3522 2512 304 181 146 123] 4 4159 3 4444
[3522 2512 304 146 123] 4 4340 3 4444
[3522 2512 304 146 123] 4 4340 4 4444
[3522 2512 304 146 123] 4 4340 5 4444
[3522 2512 304 146 123] 4 4159 4 4444
[3522 2512 304 146] 4 4282 4 4444
[3522 2512 304 146] 4 4159 5 4444
[3522 2512 304 181 146 123] 4 3890 4 4444
[3522 2512 304 181 123] 4 4036 4 4444
[3522 2512 304 181] 4 4159 4 4444
[3522 2512 304 181] 4 4036 5 4444
[3522 2512 304 181 123] 4 3890 5 4444
[3522 2512 312 304 269 181 146 123] 4 3375 3 4444
[3522 2512 312 269 181 146 123] 4 3679 3 4444
[3522 2512 312 181 146 123] 4 3948 3 4444
[3522 2512 312 146 123] 4 4129 3 4444
[3522 2512 312 123] 4 4275 3 4444
[3522 2512 312] 4 4398 3 4444
[3522 2512 312] 4 4275 4 4444
[3522 2512 312 123] 4 4129 4 4444
[3522 2512 312 146 123] 4 3948 4 4444
[3522 2512 312 146] 4 4071 4 4444
[3522 2512 312 146] 4 3948 5 4444
[3522 2512 312 181 146 123] 4 3679 4 4444
[3522 2512 312 181 123] 4 3825 4 4444
[3522 2512 312 181] 4 3948 4 4444
[3522 2512 312 181] 4 3825 5 4444
[3522 2512 312 181 123] 4 3679 5 4444
[3522 2512 312 269 181 146 123] 4 3375 4 4444
[3522 2512 312 269 146 123] 4 3556 4 4444
[3522 2512 312 269 123] 4 3702 4 4444
[3522 2512 312 269] 4 3825 4 4444
[3522 2512 312 269] 4 3702 5 4444
[3522 2512 312 269 123] 4 3556 5 4444
[3522 2512 312 269 146 123] 4 3375 5 4444
[3522 2512 312 269 146] 4 3498 5 4444
[3522 2512 312 269 146] 4 3375 6 4444
[3522 2512 515 312 304 269 181 146 123] 4 2854 3 4444
[3522 2512 515 304 269 181 146 123] 4 3166 3 4444
[3522 2512 515 269 181 146 123] 4 3470 3 4444
[3522 2512 515 181 146 123] 4 3739 3 4444
[3522 2512 515 146 123] 4 3920 3 4444
[3522 2512 515 123] 4 4066 3 4444
[3522 2512 515] 4 4189 3 4444
[3522 2512 515] 4 4066 4 4444
[3522 2512 515 123] 4 3920 4 4444
[3522 2512 515 146 123] 4 3739 4 4444
[3522 2512 515 146] 4 3862 4 4444
[3522 2512 515 146] 4 3739 5 4444
[3522 2512 515 181 146 123] 4 3470 4 4444
[3522 2512 515 181 123] 4 3616 4 4444
[3522 2512 515 181] 4 3739 4 4444
[3522 2512 515 181] 4 3616 5 4444
[3522 2512 515 181 123] 4 3470 5 4444
[3522 2512 515 269 181 146 123] 4 3166 4 4444
[3522 2512 515 269 146 123] 4 3347 4 4444
[3522 2512 515 269 123] 4 3493 4 4444
[3522 2512 515 269] 4 3616 4 4444
[3522 2512 515 269] 4 3493 5 4444
[3522 2512 515 269 123] 4 3347 5 4444
[3522 2512 515 269 146 123] 4 3166 5 4444
[3522 2512 515 269 146] 4 3289 5 4444
[3522 2512 515 269 146] 4 3166 6 4444
[3522 2512 515 304 269 181 146 123] 4 2854 4 4444
[3522 2512 515 304 181 146 123] 4 3123 4 4444
[3522 2512 515 304 146 123] 4 3304 4 4444
[3522 2512 515 304 123] 4 3450 4 4444
[3522 2512 515 304] 4 3573 4 4444
[3522 2512 515 304] 4 3450 5 4444
[3522 2512 515 304 123] 4 3304 5 4444
[3522 2512 515 304 146 123] 4 3123 5 4444
[3522 2512 515 304 146] 4 3246 5 4444
[3522 2512 515 304 146] 4 3123 6 4444
[3522 2512 515 304 181 146 123] 4 2854 5 4444
[3522 2512 515 304 181 123] 4 3000 5 4444
[3522 2512 515 304 181] 4 3123 5 4444
[3522 2512 515 304 181] 4 3000 6 4444
[3522 2512 515 304 181 123] 4 2854 6 4444
[3522 2512 521 515 312 304 269 181 146 123] 4 1932 3 4444
[3522 2512 521 312 304 269 181 146 123] 4 2447 3 4444
[3522 2512 521 304 269 181 146 123] 4 2759 3 4444
[3522 2512 521 269 181 146 123] 4 3063 3 4444
[3522 2512 521 181 146 123] 4 3332 3 4444
[3522 2512 521 146 123] 4 3513 3 4444
[3522 2512 521 123] 4 3659 3 4444
[3522 2512 521] 4 3782 3 4444
[3522 2512 521] 4 3659 4 4444
[3522 2512 521 123] 4 3513 4 4444
[3522 2512 521 146 123] 4 3332 4 4444
[3522 2512 521 146] 4 3455 4 4444
[3522 2512 521 146] 4 3332 5 4444
[3522 2512 521 181 146 123] 4 3063 4 4444
[3522 2512 521 181 123] 4 3209 4 4444
[3522 2512 521 181] 4 3332 4 4444
[3522 2512 521 181] 4 3209 5 4444
[3522 2512 521 181 123] 4 3063 5 4444
[3522 2512 521 269 181 146 123] 4 2759 4 4444
[3522 2512 521 269 146 123] 4 2940 4 4444
[3522 2512 521 269 123] 4 3086 4 4444
[3522 2512 521 269] 4 3209 4 4444
[3522 2512 521 269] 4 3086 5 4444
[3522 2512 521 269 123] 4 2940 5 4444
[3522 2512 521 269 146 123] 4 2759 5 4444
[3522 2512 521 269 146] 4 2882 5 4444
[3522 2512 521 269 146] 4 2759 6 4444
[3522 2512 521 304 269 181 146 123] 4 2447 4 4444
[3522 2512 521 304 181 146 123] 4 2716 4 4444
[3522 2512 521 304 146 123] 4 2897 4 4444
[3522 2512 521 304 123] 4 3043 4 4444
[3522 2512 521 304] 4 3166 4 4444
[3522 2512 521 304] 4 3043 5 4444
[3522 2512 521 304 123] 4 2897 5 4444
[3522 2512 521 304 146 123] 4 2716 5 4444
[3522 2512 521 304 146] 4 2839 5 4444
[3522 2512 521 304 146] 4 2716 6 4444
[3522 2512 521 304 181 146 123] 4 2447 5 4444
[3522 2512 521 304 181 123] 4 2593 5 4444
[3522 2512 521 304 181] 4 2716 5 4444
[3522 2512 521 304 181] 4 2593 6 4444
[3522 2512 521 304 181 123] 4 2447 6 4444
[3522 2512 521 312 304 269 181 146 123] 4 1932 4 4444
[3522 2512 521 312 269 181 146 123] 4 2236 4 4444
[3522 2512 521 312 181 146 123] 4 2505 4 4444
[3522 2512 521 312 146 123] 4 2686 4 4444
[3522 2512 521 312 123] 4 2832 4 4444
[3522 2512 521 312] 4 2955 4 4444
[3522 2512 521 312] 4 2832 5 4444
[3522 2512 521 312 123] 4 2686 5 4444
[3522 2512 521 312 146 123] 4 2505 5 4444
[3522 2512 521 312 146] 4 2628 5 4444
[3522 2512 521 312 146] 4 2505 6 4444
[3522 2512 521 312 181 146 123] 4 2236 5 4444
[3522 2512 521 312 181 123] 4 2382 5 4444
[3522 2512 521 312 181] 4 2505 5 4444
[3522 2512 521 312 181] 4 2382 6 4444
[3522 2512 521 312 181 123] 4 2236 6 4444
[3522 2512 521 312 269 181 146 123] 4 1932 5 4444
[3522 2512 521 312 269 146 123] 4 2113 5 4444
[3522 2512 521 312 269 123] 4 2259 5 4444
[3522 2512 521 312 269] 4 2382 5 4444
[3522 2512 521 312 269] 4 2259 6 4444
[3522 2512 521 312 269 123] 4 2113 6 4444
[3522 2512 521 312 269 146 123] 4 1932 6 4444
[3522 2512 521 312 269 146] 4 2055 6 4444
[3522 2512 521 312 269 146] 4 1932 7 4444
[3522 2512 922 521 515 312 304 269 181 146 123] 4 0 3 4444
[3522 2512 922 515 312 304 269 181 146 123] 4 521 3 4444
[3522 2512 922 312 304 269 181 146 123] 4 1036 3 4444
[3522 2512 922 304 269 181 146 123] 4 1348 3 4444
[3522 2512 922 269 181 146 123] 4 1652 3 4444
[3522 2512 922 181 146 123] 4 1921 3 4444
[3522 2512 922 146 123] 4 2102 3 4444
[3522 2512 922 123] 4 2248 3 4444
[3522 2512 922] 4 2371 3 4444
[3522 2512 922] 4 2248 4 4444
[3522 2512 922 123] 4 2102 4 4444
[3522 2512 922 146 123] 4 1921 4 4444
[3522 2512 922 146] 4 2044 4 4444
[3522 2512 922 146] 4 1921 5 4444
[3522 2512 922 181 146 123] 4 1652 4 4444
[3522 2512 922 181 123] 4 1798 4 4444
[3522 2512 922 181] 4 1921 4 4444
[3522 2512 922 181] 4 1798 5 4444
[3522 2512 922 181 123] 4 1652 5 4444
[3522 2512 922 269 181 146 123] 4 1348 4 4444
[3522 2512 922 269 146 123] 4 1529 4 4444
[3522 2512 922 269 123] 4 1675 4 4444
[3522 2512 922 269] 4 1798 4 4444
[3522 2512 922 269] 4 1675 5 4444
[3522 2512 922 269 123] 4 1529 5 4444
[3522 2512 922 269 146 123] 4 1348 5 4444
[3522 2512 922 269 146] 4 1471 5 4444
[3522 2512 922 269 146] 4 1348 6 4444
[3522 2512 922 304 269 181 146 123] 4 1036 4 4444
[3522 2512 922 304 181 146 123] 4 1305 4 4444
[3522 2512 922 304 146 123] 4 1486 4 4444
[3522 2512 922 304 123] 4 1632 4 4444
[3522 2512 922 304] 4 1755 4 4444
[3522 2512 922 304] 4 1632 5 4444
[3522 2512 922 304 123] 4 1486 5 4444
[3522 2512 922 304 146 123] 4 1305 5 4444
[3522 2512 922 304 146] 4 1428 5 4444
[3522 2512 922 304 146] 4 1305 6 4444
[3522 2512 922 304 181 146 123] 4 1036 5 4444
[3522 2512 922 304 181 123] 4 1182 5 4444
[3522 2512 922 304 181] 4 1305 5 4444
[3522 2512 922 304 181] 4 1182 6 4444
[3522 2512 922 304 181 123] 4 1036 6 4444
[3522 2512 922 312 304 269 181 146 123] 4 521 4 4444
[3522 2512 922 312 269 181 146 123] 4 825 4 4444
[3522 2512 922 312 181 146 123] 4 1094 4 4444
[3522 2512 922 312 146 123] 4 1275 4 4444
[3522 2512 922 312 123] 4 1421 4 4444
[3522 2512 922 312] 4 1544 4 4444
[3522 2512 922 312] 4 1421 5 4444
[3522 2512 922 312 123] 4 1275 5 4444
[3522 2512 922 312 146 123] 4 1094 5 4444
[3522 2512 922 312 146] 4 1217 5 4444
[3522 2512 922 312 146] 4 1094 6 4444
[3522 2512 922 312 181 146 123] 4 825 5 4444
[3522 2512 922 312 181 123] 4 971 5 4444
[3522 2512 922 312 181] 4 1094 5 4444
[3522 2512 922 312 181] 4 971 6 4444
[3522 2512 922 312 181 123] 4 825 6 4444
[3522 2512 922 312 269 181 146 123] 4 521 5 4444
[3522 2512 922 312 269 146 123] 4 702 5 4444
[3522 2512 922 312 269 123] 4 848 5 4444
[3522 2512 922 312 269] 4 971 5 4444
[3522 2512 922 312 269] 4 848 6 4444
[3522 2512 922 312 269 123] 4 702 6 4444
[3522 2512 922 312 269 146 123] 4 521 6 4444
[3522 2512 922 312 269 146] 4 644 6 4444
[3522 2512 922 312 269 146] 4 521 7 4444
[3522 2512 922 515 312 304 269 181 146 123] 4 0 4 4444
[3522 2512 922 515 304 269 181 146 123] 4 312 4 4444
[3522 2512 922 515 269 181 146 123] 4 616 4 4444
[3522 2512 922 515 181 146 123] 4 885 4 4444
[3522 2512 922 515 146 123] 4 1066 4 4444
[3522 2512 922 515 123] 4 1212 4 4444
[3522 2512 922 515] 4 1335 4 4444
[3522 2512 922 515] 4 1212 5 4444
[3522 2512 922 515 123] 4 1066 5 4444
[3522 2512 922 515 146 123] 4 885 5 4444
[3522 2512 922 515 146] 4 1008 5 4444
[3522 2512 922 515 146] 4 885 6 4444
[3522 2512 922 515 181 146 123] 4 616 5 4444
[3522 2512 922 515 181 123] 4 762 5 4444
[3522 2512 922 515 181] 4 885 5 4444
[3522 2512 922 515 181] 4 762 6 4444
[3522 2512 922 515 181 123] 4 616 6 4444
[3522 2512 922 515 269 181 146 123] 4 312 5 4444
[3522 2512 922 515 269 146 123] 4 493 5 4444
[3522 2512 922 515 269 123] 4 639 5 4444
[3522 2512 922 515 269] 4 762 5 4444
[3522 2512 922 515 269] 4 639 6 4444
[3522 2512 922 515 269 123] 4 493 6 4444
[3522 2512 922 515 269 146 123] 4 312 6 4444
[3522 2512 922 515 269 146] 4 435 6 4444
[3522 2512 922 515 269 146] 4 312 7 4444
[3522 2512 922 515 304 269 181 146 123] 4 0 5 4444
[3522 2512 922 515 304 181 146 123] 4 269 5 4444
[3522 2512 922 515 304 146 123] 4 450 5 4444
[3522 2512 922 515 304 123] 4 596 5 4444
[3522 2512 922 515 304] 4 719 5 4444
[3522 2512 922 515 304] 4 596 6 4444
[3522 2512 922 515 304 123] 4 450 6 4444
[3522 2512 922 515 304 146 123] 4 269 6 4444
[3522 2512 922 515 304 146] 4 392 6 4444
[3522 2512 922 515 304 146] 4 269 7 4444
[3522 2512 922 515 304 181 146 123] 4 0 6 4444
[3522 2512 922 515 304 181 123] 4 146 6 4444
[3522 2512 922 515 304 181] 4 269 6 4444
[3522 2512 922 515 304 181] 4 146 7 4444
[3522 2512 922 515 304 181 123] 4 0 7 4444
[3871 3522 2646 2512 1932 922 521 515 407 312 304 269 181 146 123] 5 0 1 4444
[3871 2646 2512 1932 922 521 515 407 312 304 269 181 146 123] 5 3522 1 4444
[3871 2646 2512 1932 922 521 515 407 312 304 269 181 146 123] 5 3522 2 4444
[3871 2646 2512 1932 922 521 515 407 312 304 269 181 146 123] 5 3522 3 4444
[3871 2646 2512 1932 922 521 515 407 312 304 269 181 146 123] 5 3522 4 4444
[3871 2646 2512 1932 521 515 407 312 304 269 181 146 123] 4 0 0 4444
[2646 2512 1932 521 515 407 312 304 269 181 146 123] 4 3871 0 4444
[2646 2512 1932 521 515 407 312 304 269 181 146 123] 4 3871 1 4444
[2646 2512 1932 521 515 407 312 304 269 181 146 123] 4 3871 2 4444
[2646 2512 1932 521 515 407 312 304 269 181 146 123] 4 3871 3 4444
[2646 2512 1932 515 407 312 304 269 181 146 123] 4 4392 3 4444
[2646 2512 1932 515 407 312 304 269 181 146 123] 4 4392 4 4444
[2646 2512 1932 515 407 312 304 269 181 146 123] 4 4392 5 4444
[2646 2512 1932 515 407 312 304 269 181 146 123] 4 4392 6 4444
[2646 2512 1932 515 407 312 304 269 181 146 123] 4 4392 7 4444
[2646 2512 1932 515 407 312 304 269 181 146 123] 4 4392 8 4444
[2646 2512 1932 515 407 312 304 269 181 146 123] 4 4392 9 4444
[2646 2512 1932 515 407 312 304 269 181 146 123] 4 4392 10 4444
[2646 2512 1932 515 407 312 304 269 181 146 123] 4 4392 11 4444
[2646 2512 1932 515 407 312 304 269 181 146 123] 4 3871 4 4444
[2646 2512 1932 515 312 304 269 181 146 123] 4 4278 4 4444
[2646 2512 1932 515 312 304 269 181 146 123] 4 4278 5 4444
[2646 2512 1932 515 312 304 269 181 146 123] 4 4278 6 4444
[2646 2512 1932 515 312 304 269 181 146 123] 4 4278 7 4444
[2646 2512 1932 515 312 304 269 181 146 123] 4 4278 8 4444
[2646 2512 1932 515 312 304 269 181 123] 4 4424 8 4444
[2646 2512 1932 515 312 304 269 181 123] 4 4424 9 4444
[2646 2512 1932 515 312 304 269 181 123] 4 4278 9 4444
[2646 2512 1932 515 312 304 269 181 146 123] 4 3871 5 4444
[2646 2512 1932 515 312 269 181 146 123] 4 4175 5 4444
[2646 2512 1932 515 312 181 146 123] 3 0 0 4444
[2512 1932 515 312 181 146 123] 3 2646 0 4444
[2512 1932 515 312 181 146 123] 3 2646 1 4444
[2512 1932 515 312 181 146 123] 3 2646 2 4444
[2512 1932 312 181 146 123] 3 3161 2 4444
[2512 1932 181 146 123] 3 3473 2 4444
[2512 1932 146 123] 3 3654 2 4444
[2512 1932 123] 3 3800 2 4444
[2512 1932] 3 3923 2 4444
[2512 1932] 3 3800 3 4444
[2512 1932 123] 3 3654 3 4444
[2512 1932 146 123] 3 3473 3 4444
[2512 1932 146] 3 3596 3 4444
[2512 1932 146] 3 3473 4 4444
[2512 1932 181 146 123] 3 3161 3 4444
[2512 1932 181 123] 3 3307 3 4444
[2512 1932 181] 3 3430 3 4444
[2512 1932 181] 3 3307 4 4444
[2512 1932 181 123] 3 3161 4 4444
[2512 1932 312 181 146 123] 3 2646 3 4444
[2512 1932 312 146 123] 3 2827 3 4444
[2512 1932 312 123] 3 2973 3 4444
[2512 1932 312] 3 3096 3 4444
[2512 1932 312] 3 2973 4 4444
[2512 1932 312 123] 3 2827 4 4444
[2512 1932 312 146 123] 3 2646 4 4444
[2512 1932 312 146] 3 2769 4 4444
[2512 1932 312 146] 3 2646 5 4444
[2512 1932 515 312 181 146 123] 3 0 1 4444
[2512 515 312 181 146 123] 3 1932 1 4444
[2512 312 181 146 123] 3 2447 1 4444
[2512 181 146 123] 3 2759 1 4444
[2512 146 123] 3 2940 1 4444
[2512 123] 3 3086 1 4444
[2512] 3 3209 1 4444
[2512] 3 3086 2 4444
[2512 123] 3 2940 2 4444
[2512 146 123] 3 2759 2 4444
[2512 146] 3 2882 2 4444
[2512 146] 3 2759 3 4444
[2512 181 146 123] 3 2447 2 4444
[2512 181 123] 3 2593 2 4444
[2512 181] 3 2716 2 4444
[2512 181] 3 2593 3 4444
[2512 181 123] 3 2447 3 4444
[2512 312 181 146 123] 3 1932 2 4444
[2512 312 146 123] 3 2113 2 4444
[2512 312 123] 3 2259 2 4444
[2512 312] 3 2382 2 4444
[2512 312] 3 2259 3 4444
[2512 312 123] 3 2113 3 4444
[2512 312 146 123] 3 1932 3 4444
[2512 312 146] 3 2055 3 4444
[2512 312 146] 3 1932 4 4444
[2512 515 312 181 146 123] 3 0 2 4444
[2512 515 181 146 123] 3 312 2 4444
[2512 515 146 123] 3 493 2 4444
[2512 515 123] 3 639 2 4444
[2512 515] 3 762 2 4444
[2512 515] 3 639 3 4444
[2512 515 123] 3 493 3 4444
[2512 515 146 123] 3 312 3 4444
[2512 515 146] 3 435 3 4444
[2512 515 146] 3 312 4 4444
[2512 515 181 146 123] 3 0 3 4444
[2512 515 181 123] 3 146 3 4444
[2512 515 181] 3 269 3 4444
[2512 515 181] 3 146 4 4444
[2512 515 181 123] 3 0 4 4444
[2646 2512 1932 515 312 269 181 146 123] 4 3871 6 4444
[2646 2512 1932 515 312 269 146 123] 4 4052 6 4444
[2646 2512 1932 515 312 269 123] 4 4198 6 4444
[2646 2512 1932 515 312 269] 4 4321 6 4444
[2646 2512 1932 515 312 269] 4 4198 7 4444
[2646 2512 1932 515 312 269 123] 4 4052 7 4444
[2646 2512 1932 515 312 269 146 123] 4 3871 7 4444
[2646 2512 1932 515 312 269 146] 4 3994 7 4444
[2646 2512 1932 515 312 269 146] 4 3871 8 4444
[2646 2512 1932 521 515 407 312 304 269 181 146 123] 4 0 1 4444
[2646 1932 521 515 407 312 304 269 181 146 123] 4 2512 1 4444
[2646 521 515 407 312 304 269 181 146 123] 3 0 0 4444
[521 515 407 312 304 269 181 146 123] 3 2646 0 4444
[515 407 312 304 269 181 146 123] 3 3167 0 4444
[407 312 304 269 181 146 123] 3 3682 0 4444
[312 304 269 181 146 123] 3 4089 0 4444
[304 269 181 146 123] 3 4401 0 4444
[304 269 181 146 123] 3 4401 1 4444
[304 269 181 146 123] 3 4401 2 4444
[304 269 181 146 123] 3 4401 3 4444
[304 269 181 146 123] 3 4401 4 4444
[304 269 181 146 123] 3 4401 5 4444
[304 269 181 146 123] 3 4089 1 4444
[304 181 146 123] 3 4358 1 4444
[304 181 146 123] 3 4358 2 4444
[304 181 146 123] 3 4358 3 4444
[304 181 146 123] 3 4358 4 4444
[304 181 146 123] 3 4089 2 4444
[304 181 123] 3 4235 2 4444
[304 181] 3 4358 2 4444
[304 181] 3 4235 3 4444
[304 181 123] 3 4089 3 4444
[312 304 269 181 146 123] 3 3682 1 4444
[312 269 181 146 123] 3 3986 1 4444
[312 181 146 123] 3 4255 1 4444
[312 146 123] 3 4436 1 4444
[312 146 123] 3 4436 2 4444
[312 146 123] 3 4436 3 4444
[312 146 123] 3 4255 2 4444
[312 146] 3 4378 2 4444
[312 146] 3 4255 3 4444
[312 181 146 123] 3 3986 2 4444
[312 181 123] 3 4132 2 4444
[312 181] 3 4255 2 4444
[312 181] 3 4132 3 4444
[312 181 123] 3 3986 3 4444
[312 269 181 146 123] 3 3682 2 4444
[312 269 146 123] 3 3863 2 4444
[312 269 123] 3 4009 2 4444
[312 269] 3 4132 2 4444
[312 269] 3 4009 3 4444
[312 269 123] 3 3863 3 4444
[312 269 146 123] 3 3682 3 4444
[312 269 146] 3 3805 3 4444
[312 269 146] 3 3682 4 4444
[407 312 304 269 181 146 123] 3 3167 1 4444
[407 304 269 181 146 123] 3 3479 1 4444
[407 269 181 146 123] 3 3783 1 4444
[407 181 146 123] 3 4052 1 4444
[407 146 123] 3 4233 1 4444
[407 123] 3 4379 1 4444
[407 123] 3 4379 2 4444
[407 123] 3 4233 2 4444
[407 146 123] 3 4052 2 4444
[407 146] 3 4175 2 4444
[407 146] 3 4052 3 4444
[407 181 146 123] 3 3783 2 4444
[407 181 123] 3 3929 2 4444
[407 181] 3 4052 2 4444
[407 181] 3 3929 3 4444
[407 181 123] 3 3783 3 4444
[407 269 181 146 123] 3 3479 2 4444
[407 269 146 123] 3 3660 2 4444
[407 269 123] 3 3806 2 4444
[407 269] 3 3929 2 4444
[407 269] 3 3806 3 4444
[407 269 123] 3 3660 3 4444
[407 269 146 123] 3 3479 3 4444
[407 269 146] 3 3602 3 4444
[407 269 146] 3 3479 4 4444
[407 304 269 181 146 123] 3 3167 2 4444
[407 304 181 146 123] 3 3436 2 4444
[407 304 146 123] 3 3617 2 4444
[407 304 123] 3 3763 2 4444
[407 304] 3 3886 2 4444
[407 304] 3 3763 3 4444
[407 304 123] 3 3617 3 4444
[407 304 146 123] 3 3436 3 4444
[407 304 146] 3 3559 3 4444
[407 304 146] 3 3436 4 4444
[407 304 181 146 123] 3 3167 3 4444
[407 304 181 123] 3 3313 3 4444
[407 304 181] 3 3436 3 4444
[407 304 181] 3 3313 4 4444
[407 304 181 123] 3 3167 4 4444
[515 407 312 304 269 181 146 123] 3 2646 1 4444
[515 312 304 269 181 146 123] 3 3053 1 4444
[515 304 269 181 146 123] 3 3365 1 4444
[515 269 181 146 123] 3 3669 1 4444
[515 181 146 123] 3 3938 1 4444
[515 146 123] 3 4119 1 4444
[515 123] 3 4265 1 4444
[515] 3 4388 1 4444
[515] 3 4265 2 4444
[515 123] 3 4119 2 4444
[515 146 123] 3 3938 2 4444
[515 146] 3 4061 2 4444
[515 146] 3 3938 3 4444
[515 181 146 123] 3 3669 2 4444
[515 181 123] 3 3815 2 4444
[515 181] 3 3938 2 4444
[515 181] 3 3815 3 4444
[515 181 123] 3 3669 3 4444
[515 269 181 146 123] 3 3365 2 4444
[515 269 146 123] 3 3546 2 4444
[515 269 123] 3 3692 2 4444
[515 269] 3 3815 2 4444
[515 269] 3 3692 3 4444
[515 269 123] 3 3546 3 4444
[515 269 146 123] 3 3365 3 4444
[515 269 146] 3 3488 3 4444
[515 269 146] 3 3365 4 4444
[515 304 269 181 146 123] 3 3053 2 4444
[515 304 181 146 123] 3 3322 2 4444
[515 304 146 123] 3 3503 2 4444
[515 304 123] 3 3649 2 4444
[515 304] 3 3772 2 4444
[515 304] 3 3649 3 4444
[515 304 123] 3 3503 3 4444
[515 304 146 123] 3 3322 3 4444
[515 304 146] 3 3445 3 4444
[515 304 146] 3 3322 4 4444
[515 304 181 146 123] 3 3053 3 4444
[515 304 181 123] 3 3199 3 4444
[515 304 181] 3 3322 3 4444
[515 304 181] 3 3199 4 4444
[515 304 181 123] 3 3053 4 4444
[515 312 304 269 181 146 123] 3 2646 2 4444
[515 312 269 181 146 123] 3 2950 2 4444
[515 312 181 146 123] 3 3219 2 4444
[515 312 146 123] 3 3400 2 4444
[515 312 123] 3 3546 2 4444
[515 312] 3 3669 2 4444
[515 312] 3 3546 3 4444
[515 312 123] 3 3400 3 4444
[515 312 146 123] 3 3219 3 4444
[515 312 146] 3 3342 3 4444
[515 312 146] 3 3219 4 4444
[515 312 181 146 123] 3 2950 3 4444
[515 312 181 123] 3 3096 3 4444
[515 312 181] 3 3219 3 4444
[515 312 181] 3 3096 4 4444
[515 312 181 123] 3 2950 4 4444
[515 312 269 181 146 123] 3 2646 3 4444
[515 312 269 146 123] 3 2827 3 4444
[515 312 269 123] 3 2973 3 4444
[515 312 269] 3 3096 3 4444
[515 312 269] 3 2973 4 4444
[515 312 269 123] 3 2827 4 4444
[515 312 269 146 123] 3 2646 4 4444
[515 312 269 146] 3 2769 4 4444
[515 312 269 146] 3 2646 5 4444
[521 515 407 312 304 269 181 146 123] 3 0 1 4444
[521 407 312 304 269 181 146 123] 3 515 1 4444
[521 312 304 269 181 146 123] 3 922 1 4444
[521 304 269 181 146 123] 3 1234 1 4444
[521 269 181 146 123] 3 1538 1 4444
[521 181 146 123] 3 1807 1 4444
[521 146 123] 3 1988 1 4444
[521 123] 3 2134 1 4444
[521] 3 2257 1 4444
[521] 3 2134 2 4444
[521 123] 3 1988 2 4444
[521 146 123] 3 1807 2 4444
[521 146] 3 1930 2 4444
[521 146] 3 1807 3 4444
[521 181 146 123] 3 1538 2 4444
[521 181 123] 3 1684 2 4444
[521 181] 3 1807 2 4444
[521 181] 3 1684 3 4444
[521 181 123] 3 1538 3 4444
[521 269 181 146 123] 3 1234 2 4444
[521 269 146 123] 3 1415 2 4444
[521 269 123] 3 1561 2 4444
[521 269] 3 1684 2 4444
[521 269] 3 1561 3 4444
[521 269 123] 3 1415 3 4444
[521 269 146 123] 3 1234 3 4444
[521 269 146] 3 1357 3 4444
[521 269 146] 3 1234 4 4444
[521 304 269 181 146 123] 3 922 2 4444
[521 304 181 146 123] 3 1191 2 4444
[521 304 146 123] 3 1372 2 4444
[521 304 123] 3 1518 2 4444
[521 304] 3 1641 2 4444
[521 304] 3 1518 3 4444
[521 304 123] 3 1372 3 4444
[521 304 146 123] 3 1191 3 4444
[521 304 146] 3 1314 3 4444
[521 304 146] 3 1191 4 4444
[521 304 181 146 123] 3 922 3 4444
[521 304 181 123] 3 1068 3 4444
[521 304 181] 3 1191 3 4444
[521 304 181] 3 1068 4 4444
[521 304 181 123] 3 922 4 4444
[521 312 304 269 181 146 123] 3 515 2 4444
[521 312 269 181 146 123] 3 819 2 4444
[521 312 181 146 123] 3 1088 2 4444
[521 312 146 123] 3 1269 2 4444
[521 312 123] 3 1415 2 4444
[521 312] 3 1538 2 4444
[521 312] 3 1415 3 4444
[521 312 123] 3 1269 3 4444
[521 312 146 123] 3 1088 3 4444
[521 312 146] 3 1211 3 4444
[521 312 146] 3 1088 4 4444
[521 312 181 146 123] 3 819 3 4444
[521 312 181 123] 3 965 3 4444
[521 312 181] 3 1088 3 4444
[521 312 181] 3 965 4 4444
[521 312 181 123] 3 819 4 4444
[521 312 269 181 146 123] 3 515 3 4444
[521 312 269 146 123] 3 696 3 4444
[521 312 269 123] 3 842 3 4444
[521 312 269] 3 965 3 4444
[521 312 269] 3 842 4 4444
[521 312 269 123] 3 696 4 4444
[521 312 269 146 123] 3 515 4 4444
[521 312 269 146] 3 638 4 4444
[521 312 269 146] 3 515 5 4444
[521 407 312 304 269 181 146 123] 3 0 2 4444
[521 407 304 269 181 146 123] 3 312 2 4444
[521 407 269 181 146 123] 3 616 2 4444
[521 407 181 146 123] 3 885 2 4444
[521 407 146 123] 3 1066 2 4444
[521 407 123] 3 1212 2 4444
[521 407] 3 1335 2 4444
[521 407] 3 1212 3 4444
[521 407 123] 3 1066 3 4444
[521 407 146 123] 3 885 3 4444
[521 407 146] 3 1008 3 4444
[521 407 146] 3 885 4 4444
[521 407 181 146 123] 3 616 3 4444
[521 407 181 123] 3 762 3 4444
[521 407 181] 3 885 3 4444
[521 407 181] 3 762 4 4444
[521 407 181 123] 3 616 4 4444
[521 407 269 181 146 123] 3 312 3 4444
[521 407 269 146 123] 3 493 3 4444
[521 407 269 123] 3 639 3 4444
[521 407 269] 3 762 3 4444
[521 407 269] 3 639 4 4444
[521 407 269 123] 3 493 4 4444
[521 407 269 146 123] 3 312 4 4444
[521 407 269 146] 3 435 4 4444
[521 407 269 146] 3 312 5 4444
[521 407 304 269 181 146 123] 3 0 3 4444
[521 407 304 181 146 123] 3 269 3 4444
[521 407 304 146 123] 3 450 3 4444
[521 407 304 123] 3 596 3 4444
[521 407 304] 3 719 3 4444
[521 407 304] 3 596 4 4444
[521 407 304 123] 3 450 4 4444
[521 407 304 146 123] 3 269 4 4444
[521 407 304 146] 3 392 4 4444
[521 407 304 146] 3 269 5 4444
[521 407 304 181 146 123] 3 0 4 4444
[521 407 304 181 123] 3 146 4 4444
[521 407 304 181] 3 269 4 4444
[521 407 304 181] 3 146 5 4444
[521 407 304 181 123] 3 0 5 4444
[2646 1932 521 515 407 312 304 269 181 146 123] 4 0 2 4444
[2646 1932 515 407 312 304 269 181 146 123] 4 521 2 4444
[2646 1932 407 312 304 269 181 146 123] 4 1036 2 4444
[2646 1932 312 304 269 181 146 123] 4 1443 2 4444
[2646 1932 304 269 181 146 123] 4 1755 2 4444
[2646 1932 269 181 146 123] 4 2059 2 4444
[2646 1932 181 146 123] 4 2328 2 4444
[2646 1932 146 123] 4 2509 2 4444
[2646 1932 123] 4 2655 2 4444
[2646 1932] 4 2778 2 4444
[2646 1932] 4 2655 3 4444
[2646 1932 123] 4 2509 3 4444
[2646 1932 146 123] 4 2328 3 4444
[2646 1932 146] 4 2451 3 4444
[2646 1932 146] 4 2328 4 4444
[2646 1932 181 146 123] 4 2059 3 4444
[2646 1932 181 123] 4 2205 3 4444
[2646 1932 181] 4 2328 3 4444
[2646 1932 181] 4 2205 4 4444
[2646 1932 181 123] 4 2059 4 4444
[2646 1932 269 181 146 123] 4 1755 3 4444
[2646 1932 269 146 123] 4 1936 3 4444
[2646 1932 269 123] 4 2082 3 4444
[2646 1932 269] 4 2205 3 4444
[2646 1932 269] 4 2082 4 4444
[2646 1932 269 123] 4 1936 4 4444
[2646 1932 269 146 123] 4 1755 4 4444
[2646 1932 269 146] 4 1878 4 4444
[2646 1932 269 146] 4 1755 5 4444
[2646 1932 304 269 181 146 123] 4 1443 3 4444
[2646 1932 304 181 146 123] 4 1712 3 4444
[2646 1932 304 146 123] 4 1893 3 4444
[2646 1932 304 123] 4 2039 3 4444
[2646 1932 304] 4 2162 3 4444
[2646 1932 304] 4 2039 4 4444
[2646 1932 304 123] 4 1893 4 4444
[2646 1932 304 146 123] 4 1712 4 4444
[2646 1932 304 146] 4 1835 4 4444
[2646 1932 304 146] 4 1712 5 4444
[2646 1932 304 181 146 123] 4 1443 4 4444
[2646 1932 304 181 123] 4 1589 4 4444
[2646 1932 304 181] 4 1712 4 4444
[2646 1932 304 181] 4 1589 5 4444
[2646 1932 304 181 123] 4 1443 5 4444
[2646 1932 312 304 269 181 146 123] 4 1036 3 4444
[2646 1932 312 269 181 146 123] 4 1340 3 4444
[2646 1932 312 181 146 123] 4 1609 3 4444
[2646 1932 312 146 123] 4 1790 3 4444
[2646 1932 312 123] 4 1936 3 4444
[2646 1932 312] 4 2059 3 4444
[2646 1932 312] 4 1936 4 4444
[2646 1932 312 123] 4 1790 4 4444
[2646 1932 312 146 123] 4 1609 4 4444
[2646 1932 312 146] 4 1732 4 4444
[2646 1932 312 146] 4 1609 5 4444
[2646 1932 312 181 146 123] 4 1340 4 4444
[2646 1932 312 181 123] 4 1486 4 4444
[2646 1932 312 181] 4 1609 4 4444
[2646 1932 312 181] 4 1486 5 4444
[2646 1932 312 181 123] 4 1340 5 4444
[2646 1932 312 269 181 146 123] 4 1036 4 4444
[2646 1932 312 269 146 123] 4 1217 4 4444
[2646 1932 312 269 123] 4 1363 4 4444
[2646 1932 312 269] 4 1486 4 4444
[2646 1932 312 269] 4 1363 5 4444
[2646 1932 312 269 123] 4 1217 5 4444
[2646 1932 312 269 146 123] 4 1036 5 4444
[2646 1932 312 269 146] 4 1159 5 4444
[2646 1932 312 269 146] 4 1036 6 4444
[2646 1932 407 312 304 269 181 146 123] 4 521 3 4444
[2646 1932 407 304 269 181 146 123] 4 833 3 4444
[2646 1932 407 269 181 146 123] 4 1137 3 4444
[2646 1932 407 181 146 123] 4 1406 3 4444
[2646 1932 407 146 123] 4 1587 3 4444
[2646 1932 407 123] 4 1733 3 4444
[2646 1932 407] 4 1856 3 4444
[2646 1932 407] 4 1733 4 4444
[2646 1932 407 123] 4 1587 4 4444
[2646 1932 407 146 123] 4 1406 4 4444
[2646 1932 407 146] 4 1529 4 4444
[2646 1932 407 146] 4 1406 5 4444
[2646 1932 407 181 146 123] 4 1137 4 4444
[2646 1932 407 181 123] 4 1283 4 4444
[2646 1932 407 181] 4 1406 4 4444
[2646 1932 407 181] 4 1283 5 4444
[2646 1932 407 181 123] 4 1137 5 4444
[2646 1932 407 269 181 146 123] 4 833 4 4444
[2646 1932 407 269 146 123] 4 1014 4 4444
[2646 1932 407 269 123] 4 1160 4 4444
[2646 1932 407 269] 4 1283 4 4444
[2646 1932 407 269] 4 1160 5 4444
[2646 1932 407 269 123] 4 1014 5 4444
[2646 1932 407 269 146 123] 4 833 5 4444
[2646 1932 407 269 146] 4 956 5 4444
[2646 1932 407 269 146] 4 833 6 4444
[2646 1932 407 304 269 181 146 123] 4 521 4 4444
[2646 1932 407 304 181 146 123] 4 790 4 4444
[2646 1932 407 304 146 123] 4 971 4 4444
[2646 1932 407 304 123] 4 1117 4 4444
[2646 1932 407 304] 4 1240 4 4444
[2646 1932 407 304] 4 1117 5 4444
[2646 1932 407 304 123] 4 971 5 4444
[2646 1932 407 304 146 123] 4 790 5 4444
[2646 1932 407 304 146] 4 913 5 4444
[2646 1932 407 304 146] 4 790 6 4444
[2646 1932 407 304 181 146 123] 4 521 5 4444
[2646 1932 407 304 181 123] 4 667 5 4444
[2646 1932 407 304 181] 4 790 5 4444
[2646 1932 407 304 181] 4 667 6 4444
[2646 1932 407 304 181 123] 4 521 6 4444
[2646 1932 515 407 312 304 269 181 146 123] 4 0 3 4444
[2646 1932 515 312 304 269 181 146 123] 4 407 3 4444
[2646 1932 515 304 269 181 146 123] 4 719 3 4444
[2646 1932 515 269 181 146 123] 4 1023 3 4444
[2646 1932 515 181 146 123] 4 1292 3 4444
[2646 1932 515 146 123] 4 1473 3 4444
[2646 1932 515 123] 4 1619 3 4444
[2646 1932 515] 4 1742 3 4444
[2646 1932 515] 4 1619 4 4444
[2646 1932 515 123] 4 1473 4 4444
[2646 1932 515 146 123] 4 1292 4 4444
[2646 1932 515 146] 4 1415 4 4444
[2646 1932 515 146] 4 1292 5 4444
[2646 1932 515 181 146 123] 4 1023 4 4444
[2646 1932 515 181 123] 4 1169 4 4444
[2646 1932 515 181] 4 1292 4 4444
[2646 1932 515 181] 4 1169 5 4444
[2646 1932 515 181 123] 4 1023 5 4444
[2646 1932 515 269 181 146 123] 4 719 4 4444
[2646 1932 515 269 146 123] 4 900 4 4444
[2646 1932 515 269 123] 4 1046 4 4444
[2646 1932 515 269] 4 1169 4 4444
[2646 1932 515 269] 4 1046 5 4444
[2646 1932 515 269 123] 4 900 5 4444
[2646 1932 515 269 146 123] 4 719 5 4444
[2646 1932 515 269 146] 4 842 5 4444
[2646 1932 515 269 146] 4 719 6 4444
[2646 1932 515 304 269 181 146 123] 4 407 4 4444
[2646 1932 515 304 181 146 123] 4 676 4 4444
[2646 1932 515 304 146 123] 4 857 4 4444
[2646 1932 515 304 123] 4 1003 4 4444
[2646 1932 515 304] 4 1126 4 4444
[2646 1932 515 304] 4 1003 5 4444
[2646 1932 515 304 123] 4 857 5 4444
[2646 1932 515 304 146 123] 4 676 5 4444
[2646 1932 515 304 146] 4 799 5 4444
[2646 1932 515 304 146] 4 676 6 4444
[2646 1932 515 304 181 146 123] 4 407 5 4444
[2646 1932 515 304 181 123] 4 553 5 4444
[2646 1932 515 304 181] 4 676 5 4444
[2646 1932 515 304 181] 4 553 6 4444
[2646 1932 515 304 181 123] 4 407 6 4444
[2646 1932 515 312 304 269 181 146 123] 4 0 4 4444
[2646 1932 515 312 269 181 146 123] 4 304 4 4444
[2646 1932 515 312 181 146 123] 4 573 4 4444
[2646 1932 515 312 146 123] 4 754 4 4444
[2646 1932 515 312 123] 4 900 4 4444
[2646 1932 515 312] 4 1023 4 4444
[2646 1932 515 312] 4 900 5 4444
[2646 1932 515 312 123] 4 754 5 4444
[2646 1932 515 312 146 123] 4 573 5 4444
[2646 1932 515 312 146] 4 696 5 4444
[2646 1932 515 312 146] 4 573 6 4444
[2646 1932 515 312 181 146 123] 4 304 5 4444
[2646 1932 515 312 181 123] 4 450 5 4444
[2646 1932 515 312 181] 4 573 5 4444
[2646 1932 515 312 181] 4 450 6 4444
[2646 1932 515 312 181 123] 4 304 6 4444
[2646 1932 515 312 269 181 146 123] 4 0 5 4444
[2646 1932 515 312 269 146 123] 4 181 5 4444
[2646 1932 515 312 269 123] 4 327 5 4444
[2646 1932 515 312 269] 4 450 5 4444
[2646 1932 515 312 269] 4 327 6 4444
[2646 1932 515 312 269 123] 4 181 6 4444
[2646 1932 515 312 269 146 123] 4 0 6 4444
[2646 1932 515 312 269 146] 4 123 6 4444
[2646 1932 515 312 269 146] 4 0 7 4444
[3871 2646 2512 1932 922 521 515 407 312 304 269 181 146 123] 5 0 2 4444
[3871 2646 1932 922 521 515 407 312 304 269 181 146 123] 5 2512 2 4444
[3871 2646 922 521 515 407 312 304 269 181 146 123] 4 0 0 4444
[2646 922 521 515 407 312 304 269 181 146 123] 4 3871 0 4444
[2646 922 521 515 407 312 304 269 181 146 123] 4 3871 1 4444
[2646 922 521 515 407 312 304 269 181 146 123] 4 3871 2 4444
[2646 922 515 407 312 304 269 181 146 123] 4 4392 2 4444
[2646 922 515 407 312 304 269 181 146 123] 4 4392 3 4444
[2646 922 515 407 312 304 269 181 146 123] 4 4392 4 4444
[2646 922 515 407 312 304 269 181 146 123] 4 4392 5 4444
[2646 922 515 407 312 304 269 181 146 123] 4 4392 6 4444
[2646 922 515 407 312 304 269 181 146 123] 4 4392 7 4444
[2646 922 515 407 312 304 269 181 146 123] 4 4392 8 4444
[2646 922 515 407 312 304 269 181 146 123] 4 4392 9 4444
[2646 922 515 407 312 304 269 181 146 123] 4 4392 10 4444
[2646 922 515 407 312 304 269 181 146 123] 4 3871 3 4444
[2646 922 515 312 304 269 181 146 123] 4 4278 3 4444
[2646 922 515 312 304 269 181 146 123] 4 4278 4 4444
[2646 922 515 312 304 269 181 146 123] 4 4278 5 4444
[2646 922 515 312 304 269 181 146 123] 4 4278 6 4444
[2646 922 515 312 304 269 181 146 123] 4 4278 7 4444
[2646 922 515 312 304 269 181 123] 4 4424 7 4444
[2646 922 515 312 304 269 181 123] 4 4424 8 4444
[2646 922 515 312 304 269 181 123] 4 4278 8 4444
[2646 922 515 312 304 269 181 146 123] 4 3871 4 4444
[2646 922 515 312 269 181 146 123] 4 4175 4 4444
[2646 922 515 312 181 146 123] 3 0 0 4444
[922 515 312 181 146 123] 3 2646 0 4444
[515 312 181 146 123] 3 3568 0 4444
[312 181 146 123] 3 4083 0 4444
[181 146 123] 3 4395 0 4444
[181 146 123] 3 4395 1 4444
[181 146 123] 3 4395 2 4444
[181 146 123] 3 4395 3 4444
[181 146 123] 3 4083 1 4444
[181 123] 3 4229 1 4444
[181] 3 4352 1 4444
[181] 3 4229 2 4444
[181 123] 3 4083 2 4444
[312 181 146 123] 3 3568 1 4444
[312 146 123] 3 3749 1 4444
[312 123] 3 3895 1 4444
[312] 3 4018 1 4444
[312] 3 3895 2 4444
[312 123] 3 3749 2 4444
[312 146 123] 3 3568 2 4444
[312 146] 3 3691 2 4444
[312 146] 3 3568 3 4444
[515 312 181 146 123] 3 2646 1 4444
[515 181 146 123] 3 2958 1 4444
[515 146 123] 3 3139 1 4444
[515 123] 3 3285 1 4444
[515] 3 3408 1 4444
[515] 3 3285 2 4444
[515 123] 3 3139 2 4444
[515 146 123] 3 2958 2 4444
[515 146] 3 3081 2 4444
[515 146] 3 2958 3 4444
[515 181 146 123] 3 2646 2 4444
[515 181 123] 3 2792 2 4444
[515 181] 3 2915 2 4444
[515 181] 3 2792 3 4444
[515 181 123] 3 2646 3 4444
[922 515 312 181 146 123] 3 0 1 4444
[922 312 181 146 123] 3 515 1 4444
[922 181 146 123] 3 827 1 4444
[922 146 123] 3 1008 1 4444
[922 123] 3 1154 1 4444
[922] 3 1277 1 4444
[922] 3 1154 2 4444
[922 123] 3 1008 2 4444
[922 146 123] 3 827 2 4444
[922 146] 3 950 2 4444
[922 146] 3 827 3 4444
[922 181 146 123] 3 515 2 4444
[922 181 123] 3 661 2 4444
[922 181] 3 784 2 4444
[922 181] 3 661 3 4444
[922 181 123] 3 515 3 4444
[922 312 181 146 123] 3 0 2 4444
[922 312 146 123] 3 181 2 4444
[922 312 123] 3 327 2 4444
[922 312] 3 450 2 4444
[922 312] 3 327 3 4444
[922 312 123] 3 181 3 4444
[922 312 146 123] 3 0 3 4444
[922 312 146] 3 123 3 4444
[922 312 146] 3 0 4 4444
[2646 922 515 312 269 181 146 123] 4 3871 5 4444
[2646 922 515 312 269 146 123] 4 4052 5 4444
[2646 922 515 312 269 123] 4 4198 5 4444
[2646 922 515 312 269] 4 4321 5 4444
[2646 922 515 312 269] 4 4198 6 4444
[2646 922 515 312 269 123] 4 4052 6 4444
[2646 922 515 312 269 146 123] 4 3871 6 4444
[2646 922 515 312 269 146] 4 3994 6 4444
[2646 922 515 312 269 146] 4 3871 7 4444
[2646 922 521 515 407 312 304 269 181 146 123] 4 0 1 4444
[2646 521 515 407 312 304 269 181 146 123] 4 922 1 4444
[2646 515 407 312 304 269 181 146 123] 4 1443 1 4444
[2646 407 312 304 269 181 146 123] 4 1958 1 4444
[2646 312 304 269 181 146 123] 4 2365 1 4444
[2646 304 269 181 146 123] 4 2677 1 4444
[2646 269 181 146 123] 4 2981 1 4444
[2646 181 146 123] 4 3250 1 4444
[2646 146 123] 4 3431 1 4444
[2646 123] 4 3577 1 4444
[2646] 4 3700 1 4444
[2646] 4 3577 2 4444
[2646 123] 4 3431 2 4444
[2646 146 123] 4 3250 2 4444
[2646 146] 4 3373 2 4444
[2646 146] 4 3250 3 4444
[2646 181 146 123] 4 2981 2 4444
[2646 181 123] 4 3127 2 4444
[2646 181] 4 3250 2 4444
[2646 181] 4 3127 3 4444
[2646 181 123] 4 2981 3 4444
[2646 269 181 146 123] 4 2677 2 4444
[2646 269 146 123] 4 2858 2 4444
[2646 269 123] 4 3004 2 4444
[2646 269] 4 3127 2 4444
[2646 269] 4 3004 3 4444
[2646 269 123] 4 2858 3 4444
[2646 269 146 123] 4 2677 3 4444
[2646 269 146] 4 2800 3 4444
[2646 269 146] 4 2677 4 4444
[2646 304 269 181 146 123] 4 2365 2 4444
[2646 304 181 146 123] 4 2634 2 4444
[2646 304 146 123] 4 2815 2 4444
[2646 304 123] 4 2961 2 4444
[2646 304] 4 3084 2 4444
[2646 304] 4 2961 3 4444
[2646 304 123] 4 2815 3 4444
[2646 304 146 123] 4 2634 3 4444
[2646 304 146] 4 2757 3 4444
[2646 304 146] 4 2634 4 4444
[2646 304 181 146 123] 4 2365 3 4444
[2646 304 181 123] 4 2511 3 4444
[2646 304 181] 4 2634 3 4444
[2646 304 181] 4 2511 4 4444
[2646 304 181 123] 4 2365 4 4444
[2646 312 304 269 181 146 123] 4 1958 2 4444
[2646 312 269 181 146 123] 4 2262 2 4444
[2646 312 181 146 123] 4 2531 2 4444
[2646 312 146 123] 4 2712 2 4444
[2646 312 123] 4 2858 2 4444
[2646 312] 4 2981 2 4444
[2646 312] 4 2858 3 4444
[2646 312 123] 4 2712 3 4444
[2646 312 146 123] 4 2531 3 4444
[2646 312 146] 4 2654 3 4444
[2646 312 146] 4 2531 4 4444
[2646 312 181 146 123] 4 2262 3 4444
[2646 312 181 123] 4 2408 3 4444
[2646 312 181] 4 2531 3 4444
[2646 312 181] 4 2408 4 4444
[2646 312 181 123] 4 2262 4 4444
[2646 312 269 181 146 123] 4 1958 3 4444
[2646 312 269 146 123] 4 2139 3 4444
[2646 312 269 123] 4 2285 3 4444
[2646 312 269] 4 2408 3 4444
[2646 312 269] 4 2285 4 4444
[2646 312 269 123] 4 2139 4 4444
[2646 312 269 146 123] 4 1958 4 4444
[2646 312 269 146] 4 2081 4 4444
[2646 312 269 146] 4 1958 5 4444
[2646 407 312 304 269 181 146 123] 4 1443 2 4444
[2646 407 304 269 181 146 123] 4 1755 2 4444
[2646 407 269 181 146 123] 4 2059 2 4444
[2646 407 181 146 123] 4 2328 2 4444
[2646 407 146 123] 4 2509 2 4444
[2646 407 123] 4 2655 2 4444
[2646 407] 4 2778 2 4444
[2646 407] 4 2655 3 4444
[2646 407 123] 4 2509 3 4444
[2646 407 146 123] 4 2328 3 4444
[2646 407 146] 4 2451 3 4444
[2646 407 146] 4 2328 4 4444
[2646 407 181 146 123] 4 2059 3 4444
[2646 407 181 123] 4 2205 3 4444
[2646 407 181] 4 2328 3 4444
[2646 407 181] 4 2205 4 4444
[2646 407 181 123] 4 2059 4 4444
[2646 407 269 181 146 123] 4 1755 3 4444
[2646 407 269 146 123] 4 1936 3 4444
[2646 407 269 123] 4 2082 3 4444
[2646 407 269] 4 2205 3 4444
[2646 407 269] 4 2082 4 4444
[2646 407 269 123] 4 1936 4 4444
[2646 407 269 146 123] 4 1755 4 4444
[2646 407 269 146] 4 1878 4 4444
[2646 407 269 146] 4 1755 5 4444
[2646 407 304 269 181 146 123] 4 1443 3 4444
[2646 407 304 181 146 123] 4 1712 3 4444
[2646 407 304 146 123] 4 1893 3 4444
[2646 407 304 123] 4 2039 3 4444
[2646 407 304] 4 2162 3 4444
[2646 407 304] 4 2039 4 4444
[2646 407 304 123] 4 1893 4 4444
[2646 407 304 146 123] 4 1712 4 4444
[2646 407 304 146] 4 1835 4 4444
[2646 407 304 146] 4 1712 5 4444
[2646 407 304 181 146 123] 4 1443 4 4444
[2646 407 304 181 123] 4 1589 4 4444
[2646 407 304 181] 4 1712 4 4444
[2646 407 304 181] 4 1589 5 4444
[2646 407 304 181 123] 4 1443 5 4444
[2646 515 407 312 304 269 181 146 123] 4 922 2 4444
[2646 515 312 304 269 181 146 123] 4 1329 2 4444
[2646 515 304 269 181 146 123] 4 1641 2 4444
[2646 515 269 181 146 123] 4 1945 2 4444
[2646 515 181 146 123] 4 2214 2 4444
[2646 515 146 123] 4 2395 2 4444
[2646 515 123] 4 2541 2 4444
[2646 515] 4 2664 2 4444
[2646 515] 4 2541 3 4444
[2646 515 123] 4 2395 3 4444
[2646 515 146 123] 4 2214 3 4444
[2646 515 146] 4 2337 3 4444
[2646 515 146] 4 2214 4 4444
[2646 515 181 146 123] 4 1945 3 4444
[2646 515 181 123] 4 2091 3 4444
[2646 515 181] 4 2214 3 4444
[2646 515 181] 4 2091 4 4444
[2646 515 181 123] 4 1945 4 4444
[2646 515 269 181 146 123] 4 1641 3 4444
[2646 515 269 146 123] 4 1822 3 4444
[2646 515 269 123] 4 1968 3 4444
[2646 515 269] 4 2091 3 4444
[2646 515 269] 4 1968 4 4444
[2646 515 269 123] 4 1822 4 4444
[2646 515 269 146 123] 4 1641 4 4444
[2646 515 269 146] 4 1764 4 4444
[2646 515 269 146] 4 1641 5 4444
[2646 515 304 269 181 146 123] 4 1329 3 4444
[2646 515 304 181 146 123] 4 1598 3 4444
[2646 515 304 146 123] 4 1779 3 4444
[2646 515 304 123] 4 1925 3 4444
[2646 515 304] 4 2048 3 4444
[2646 515 304] 4 1925 4 4444
[2646 515 304 123] 4 1779 4 4444
[2646 515 304 146 123] 4 1598 4 4444
[2646 515 304 146] 4 1721 4 4444
[2646 515 304 146] 4 1598 5 4444
[2646 515 304 181 146 123] 4 1329 4 4444
[2646 515 304 181 123] 4 1475 4 4444
[2646 515 304 181] 4 1598 4 4444
[2646 515 304 181] 4 1475 5 4444
[2646 515 304 181 123] 4 1329 5 4444
[2646 515 312 304 269 181 146 123] 4 922 3 4444
[2646 515 312 269 181 146 123] 4 1226 3 4444
[2646 515 312 181 146 123] 4 1495 3 4444
[2646 515 312 146 123] 4 1676 3 4444
[2646 515 312 123] 4 1822 3 4444
[2646 515 312] 4 1945 3 4444
[2646 515 312] 4 1822 4 4444
[2646 515 312 123] 4 1676 4 4444
[2646 515 312 146 123] 4 1495 4 4444
[2646 515 312 146] 4 1618 4 4444
[2646 515 312 146] 4 1495 5 4444
[2646 515 312 181 146 123] 4 1226 4 4444
[2646 515 312 181 123] 4 1372 4 4444
[2646 515 312 181] 4 1495 4 4444
[2646 515 312 181] 4 1372 5 4444
[2646 515 312 181 123] 4 1226 5 4444
[2646 515 312 269 181 146 123] 4 922 4 4444
[2646 515 312 269 146 123] 4 1103 4 4444
[2646 515 312 269 123] 4 1249 4 4444
[2646 515 312 269] 4 1372 4 4444
[2646 515 312 269] 4 1249 5 4444
[2646 515 312 269 123] 4 1103 5 4444
[2646 515 312 269 146 123] 4 922 5 4444
[2646 515 312 269 146] 4 1045 5 4444
[2646 515 312 269 146] 4 922 6 4444
[2646 521 515 407 312 304 269 181 146 123] 4 0 2 4444
[2646 521 407 312 304 269 181 146 123] 4 515 2 4444
[2646 521 312 304 269 181 146 123] 4 922 2 4444
[2646 521 304 269 181 146 123] 4 1234 2 4444
[2646 521 269 181 146 123] 4 1538 2 4444
[2646 521 181 146 123] 4 1807 2 4444
[2646 521 146 123] 4 1988 2 4444
[2646 521 123] 4 2134 2 4444
[2646 521] 4 2257 2 4444
[2646 521] 4 2134 3 4444
[2646 521 123] 4 1988 3 4444
[2646 521 146 123] 4 1807 3 4444
[2646 521 146] 4 1930 3 4444
[2646 521 146] 4 1807 4 4444
[2646 521 181 146 123] 4 1538 3 4444
[2646 521 181 123] 4 1684 3 4444
[2646 521 181] 4 1807 3 4444
[2646 521 181] 4 1684 4 4444
[2646 521 181 123] 4 1538 4 4444
[2646 521 269 181 146 123] 4 1234 3 4444
[2646 521 269 146 123] 4 1415 3 4444
[2646 521 269 123] 4 1561 3 4444
[2646 521 269] 4 1684 3 4444
[2646 521 269] 4 1561 4 4444
[2646 521 269 123] 4 1415 4 4444
[2646 521 269 146 123] 4 1234 4 4444
[2646 521 269 146] 4 1357 4 4444
[2646 521 269 146] 4 1234 5 4444
[2646 521 304 269 181 146 123] 4 922 3 4444
[2646 521 304 181 146 123] 4 1191 3 4444
[2646 521 304 146 123] 4 1372 3 4444
[2646 521 304 123] 4 1518 3 4444
[2646 521 304] 4 1641 3 4444
[2646 521 304] 4 1518 4 4444
[2646 521 304 123] 4 1372 4 4444
[2646 521 304 146 123] 4 1191 4 4444
[2646 521 304 146] 4 1314 4 4444
[2646 521 304 146] 4 1191 5 4444
[2646 521 304 181 146 123] 4 922 4 4444
[2646 521 304 181 123] 4 1068 4 4444
[2646 521 304 181] 4 1191 4 4444
[2646 521 304 181] 4 1068 5 4444
[2646 521 304 181 123] 4 922 5 4444
[2646 521 312 304 269 181 146 123] 4 515 3 4444
[2646 521 312 269 181 146 123] 4 819 3 4444
[2646 521 312 181 146 123] 4 1088 3 4444
[2646 521 312 146 123] 4 1269 3 4444
[2646 521 312 123] 4 1415 3 4444
[2646 521 312] 4 1538 3 4444
[2646 521 312] 4 1415 4 4444
[2646 521 312 123] 4 1269 4 4444
[2646 521 312 146 123] 4 1088 4 4444
[2646 521 312 146] 4 1211 4 4444
[2646 521 312 146] 4 1088 5 4444
[2646 521 312 181 146 123] 4 819 4 4444
[2646 521 312 181 123] 4 965 4 4444
[2646 521 312 181] 4 1088 4 4444
[2646 521 312 181] 4 965 5 4444
[2646 521 312 181 123] 4 819 5 4444
[2646 521 312 269 181 146 123] 4 515 4 4444
[2646 521 312 269 146 123] 4 696 4 4444
[2646 521 312 269 123] 4 842 4 4444
[2646 521 312 269] 4 965 4 4444
[2646 521 312 269] 4 842 5 4444
[2646 521 312 269 123] 4 696 5 4444
[2646 521 312 269 146 123] 4 515 5 4444
[2646 521 312 269 146] 4 638 5 4444
[2646 521 312 269 146] 4 515 6 4444
[2646 521 407 312 304 269 181 146 123] 4 0 3 4444
[2646 521 407 304 269 181 146 123] 4 312 3 4444
[2646 521 407 269 181 146 123] 4 616 3 4444
[2646 521 407 181 146 123] 4 885 3 4444
[2646 521 407 146 123] 4 1066 3 4444
[2646 521 407 123] 4 1212 3 4444
[2646 521 407] 4 1335 3 4444
[2646 521 407] 4 1212 4 4444
[2646 521 407 123] 4 1066 4 4444
[2646 521 407 146 123] 4 885 4 4444
[2646 521 407 146] 4 1008 4 4444
[2646 521 407 146] 4 885 5 4444
[2646 521 407 181 146 123] 4 616 4 4444
[2646 521 407 181 123] 4 762 4 4444
[2646 521 407 181] 4 885 4 4444
[2646 521 407 181] 4 762 5 4444
[2646 521 407 181 123] 4 616 5 4444
[2646 521 407 269 181 146 123] 4 312 4 4444
[2646 521 407 269 146 123] 4 493 4 4444
[2646 521 407 269 123] 4 639 4 4444
[2646 521 407 269] 4 762 4 4444
[2646 521 407 269] 4 639 5 4444
[2646 521 407 269 123] 4 493 5 4444
[2646 521 407 269 146 123] 4 312 5 4444
[2646 521 407 269 146] 4 435 5 4444
[2646 521 407 269 146] 4 312 6 4444
[2646 521 407 304 269 181 146 123] 4 0 4 4444
[2646 521 407 304 181 146 123] 4 269 4 4444
[2646 521 407 304 146 123] 4 450 4 4444
[2646 521 407 304 123] 4 596 4 4444
[2646 521 407 304] 4 719 4 4444
[2646 521 407 304] 4 596 5 4444
[2646 521 407 304 123] 4 450 5 4444
[2646 521 407 304 146 123] 4 269 5 4444
[2646 521 407 304 146] 4 392 5 4444
[2646 521 407 304 146] 4 269 6 4444
[2646 521 407 304 181 146 123] 4 0 5 4444
[2646 521 407 304 181 123] 4 146 5 4444
[2646 521 407 304 181] 4 269 5 4444
[2646 521 407 304 181] 4 146 6 4444
[2646 521 407 304 181 123] 4 0 6 4444
[3871 2646 1932 922 521 515 407 312 304 269 181 146 123] 5 0 3 4444
[3871 2646 1932 521 515 407 312 304 269 181 146 123] 5 922 3 4444
[3871 2646 1932 515 407 312 304 269 181 146 123] 5 1443 3 4444
[3871 2646 1932 407 312 304 269 181 146 123] 5 1958 3 4444
[3871 2646 1932 312 304 269 181 146 123] 5 2365 3 4444
[3871 2646 1932 304 269 181 146 123] 5 2677 3 4444
[3871 2646 1932 269 181 146 123] 5 2981 3 4444
[3871 2646 1932 181 146 123] 5 3250 3 4444
[3871 2646 1932 146 123] 5 3431 3 4444
[3871 2646 1932 123] 5 3577 3 4444
[3871 2646 1932] 5 3700 3 4444
[3871 2646 1932] 5 3577 4 4444
[3871 2646 1932 123] 5 3431 4 4444
[3871 2646 1932 146 123] 5 3250 4 4444
[3871 2646 1932 146] 5 3373 4 4444
[3871 2646 1932 146] 5 3250 5 4444
[3871 2646 1932 181 146 123] 5 2981 4 4444
[3871 2646 1932 181 123] 5 3127 4 4444
[3871 2646 1932 181] 5 3250 4 4444
[3871 2646 1932 181] 5 3127 5 4444
[3871 2646 1932 181 123] 5 2981 5 4444
[3871 2646 1932 269 181 146 123] 5 2677 4 4444
[3871 2646 1932 269 146 123] 5 2858 4 4444
[3871 2646 1932 269 123] 5 3004 4 4444
[3871 2646 1932 269] 5 3127 4 4444
[3871 2646 1932 269] 5 3004 5 4444
[3871 2646 1932 269 123] 5 2858 5 4444
[3871 2646 1932 269 146 123] 5 2677 5 4444
[3871 2646 1932 269 146] 5 2800 5 4444
[3871 2646 1932 269 146] 5 2677 6 4444
[3871 2646 1932 304 269 181 146 123] 5 2365 4 4444
[3871 2646 1932 304 181 146 123] 5 2634 4 4444
[3871 2646 1932 304 146 123] 5 2815 4 4444
[3871 2646 1932 304 123] 5 2961 4 4444
[3871 2646 1932 304] 5 3084 4 4444
[3871 2646 1932 304] 5 2961 5 4444
[3871 2646 1932 304 123] 5 2815 5 4444
[3871 2646 1932 304 146 123] 5 2634 5 4444
[3871 2646 1932 304 146] 5 2757 5 4444
[3871 2646 1932 304 146] 5 2634 6 4444
[3871 2646 1932 304 181 146 123] 5 2365 5 4444
[3871 2646 1932 304 181 123] 5 2511 5 4444
[3871 2646 1932 304 181] 5 2634 5 4444
[3871 2646 1932 304 181] 5 2511 6 4444
[3871 2646 1932 304 181 123] 5 2365 6 4444
[3871 2646 1932 312 304 269 181 146 123] 5 1958 4 4444
[3871 2646 1932 312 269 181 146 123] 5 2262 4 4444
[3871 2646 1932 312 181 146 123] 5 2531 4 4444
[3871 2646 1932 312 146 123] 5 2712 4 4444
[3871 2646 1932 312 123] 5 2858 4 4444
[3871 2646 1932 312] 5 2981 4 4444
[3871 2646 1932 312] 5 2858 5 4444
[3871 2646 1932 312 123] 5 2712 5 4444
[3871 2646 1932 312 146 123] 5 2531 5 4444
[3871 2646 1932 312 146] 5 2654 5 4444
[3871 2646 1932 312 146] 5 2531 6 4444
[3871 2646 1932 312 181 146 123] 5 2262 5 4444
[3871 2646 1932 312 181 123] 5 2408 5 4444
[3871 2646 1932 312 181] 5 2531 5 4444
[3871 2646 1932 312 181] 5 2408 6 4444
[3871 2646 1932 312 181 123] 5 2262 6 4444
[3871 2646 1932 312 269 181 146 123] 5 1958 5 4444
[3871 2646 1932 312 269 146 123] 5 2139 5 4444
[3871 2646 1932 312 269 123] 5 2285 5 4444
[3871 2646 1932 312 269] 5 2408 5 4444
[3871 2646 1932 312 269] 5 2285 6 4444
[3871 2646 1932 312 269 123] 5 2139 6 4444
[3871 2646 1932 312 269 146 123] 5 1958 6 4444
[3871 2646 1932 312 269 146] 5 2081 6 4444
[3871 2646 1932 312 269 146] 5 1958 7 4444
[3871 2646 1932 407 312 304 269 181 146 123] 5 1443 4 4444
[3871 2646 1932 407 304 269 181 146 123] 5 1755 4 4444
[3871 2646 1932 407 269 181 146 123] 5 2059 4 4444
[3871 2646 1932 407 181 146 123] 5 2328 4 4444
[3871 2646 1932 407 146 123] 5 2509 4 4444
[3871 2646 1932 407 123] 5 2655 4 4444
[3871 2646 1932 407] 5 2778 4 4444
[3871 2646 1932 407] 5 2655 5 4444
[3871 2646 1932 407 123] 5 2509 5 4444
[3871 2646 1932 407 146 123] 5 2328 5 4444
[3871 2646 1932 407 146] 5 2451 5 4444
[3871 2646 1932 407 146] 5 2328 6 4444
[3871 2646 1932 407 181 146 123] 5 2059 5 4444
[3871 2646 1932 407 181 123] 5 2205 5 4444
[3871 2646 1932 407 181] 5 2328 5 4444
[3871 2646 1932 407 181] 5 2205 6 4444
[3871 2646 1932 407 181 123] 5 2059 6 4444
[3871 2646 1932 407 269 181 146 123] 5 1755 5 4444
[3871 2646 1932 407 269 146 123] 5 1936 5 4444
[3871 2646 1932 407 269 123] 5 2082 5 4444
[3871 2646 1932 407 269] 5 2205 5 4444
[3871 2646 1932 407 269] 5 2082 6 4444
[3871 2646 1932 407 269 123] 5 1936 6 4444
[3871 2646 1932 407 269 146 123] 5 1755 6 4444
[3871 2646 1932 407 269 146] 5 1878 6 4444
[3871 2646 1932 407 269 146] 5 1755 7 4444
[3871 2646 1932 407 304 269 181 146 123] 5 1443 5 4444
[3871 2646 1932 407 304 181 146 123] 5 1712 5 4444
[3871 2646 1932 407 304 146 123] 5 1893 5 4444
[3871 2646 1932 407 304 123] 5 2039 5 4444
[3871 2646 1932 407 304] 5 2162 5 4444
[3871 2646 1932 407 304] 5 2039 6 4444
[3871 2646 1932 407 304 123] 5 1893 6 4444
[3871 2646 1932 407 304 146 123] 5 1712 6 4444
[3871 2646 1932 407 304 146] 5 1835 6 4444
[3871 2646 1932 407 304 146] 5 1712 7 4444
[3871 2646 1932 407 304 181 146 123] 5 1443 6 4444
[3871 2646 1932 407 304 181 123] 5 1589 6 4444
[3871 2646 1932 407 304 181] 5 1712 6 4444
[3871 2646 1932 407 304 181] 5 1589 7 4444
[3871 2646 1932 407 304 181 123] 5 1443 7 4444
[3871 2646 1932 515 407 312 304 269 181 146 123] 5 922 4 4444
[3871 2646 1932 515 312 304 269 181 146 123] 5 1329 4 4444
[3871 2646 1932 515 304 269 181 146 123] 5 1641 4 4444
[3871 2646 1932 515 269 181 146 123] 5 1945 4 4444
[3871 2646 1932 515 181 146 123] 5 2214 4 4444
[3871 2646 1932 515 146 123] 5 2395 4 4444
[3871 2646 1932 515 123] 5 2541 4 4444
[3871 2646 1932 515] 5 2664 4 4444
[3871 2646 1932 515] 5 2541 5 4444
[3871 2646 1932 515 123] 5 2395 5 4444
[3871 2646 1932 515 146 123] 5 2214 5 4444
[3871 2646 1932 515 146] 5 2337 5 4444
[3871 2646 1932 515 146] 5 2214 6 4444
[3871 2646 1932 515 181 146 123] 5 1945 5 4444
[3871 2646 1932 515 181 123] 5 2091 5 4444
[3871 2646 1932 515 181] 5 2214 5 4444
[3871 2646 1932 515 181] 5 2091 6 4444
[3871 2646 1932 515 181 123] 5 1945 6 4444
[3871 2646 1932 515 269 181 146 123] 5 1641 5 4444
[3871 2646 1932 515 269 146 123] 5 1822 5 4444
[3871 2646 1932 515 269 123] 5 1968 5 4444
[3871 2646 1932 515 269] 5 2091 5 4444
[3871 2646 1932 515 269] 5 1968 6 4444
[3871 2646 1932 515 269 123] 5 1822 6 4444
[3871 2646 1932 515 269 146 123] 5 1641 6 4444
[3871 2646 1932 515 269 146] 5 1764 6 4444
[3871 2646 1932 515 269 146] 5 1641 7 4444
[3871 2646 1932 515 304 269 181 146 123] 5 1329 5 4444
[3871 2646 1932 515 304 181 146 123] 5 1598 5 4444
[3871 2646 1932 515 304 146 123] 5 1779 5 4444
[3871 2646 1932 515 304 123] 5 1925 5 4444
[3871 2646 1932 515 304] 5 2048 5 4444
[3871 2646 1932 515 304] 5 1925 6 4444
[3871 2646 1932 515 304 123] 5 1779 6 4444
[3871 2646 1932 515 304 146 123] 5 1598 6 4444
[3871 2646 1932 515 304 146] 5 1721 6 4444
[3871 2646 1932 515 304 146] 5 1598 7 4444
[3871 2646 1932 515 304 181 146 123] 5 1329 6 4444
[3871 2646 1932 515 304 181 123] 5 1475 6 4444
[3871 2646 1932 515 304 181] 5 1598 6 4444
[3871 2646 1932 515 304 181] 5 1475 7 4444
[3871 2646 1932 515 304 181 123] 5 1329 7 4444
[3871 2646 1932 515 312 304 269 181 146 123] 5 922 5 4444
[3871 2646 1932 515 312 269 181 146 123] 5 1226 5 4444
[3871 2646 1932 515 312 181 146 123] 5 1495 5 4444
[3871 2646 1932 515 312 146 123] 5 1676 5 4444
[3871 2646 1932 515 312 123] 5 1822 5 4444
[3871 2646 1932 515 312] 5 1945 5 4444
[3871 2646 1932 515 312] 5 1822 6 4444
[3871 2646 1932 515 312 123] 5 1676 6 4444
[3871 2646 1932 515 312 146 123] 5 1495 6 4444
[3871 2646 1932 515 312 146] 5 1618 6 4444
[3871 2646 1932 515 312 146] 5 1495 7 4444
[3871 2646 1932 515 312 181 146 123] 5 1226 6 4444
[3871 2646 1932 515 312 181 123] 5 1372 6 4444
[3871 2646 1932 515 312 181] 5 1495 6 4444
[3871 2646 1932 515 312 181] 5 1372 7 4444
[3871 2646 1932 515 312 181 123] 5 1226 7 4444
[3871 2646 1932 515 312 269 181 146 123] 5 922 6 4444
[3871 2646 1932 515 312 269 146 123] 5 1103 6 4444
[3871 2646 1932 515 312 269 123] 5 1249 6 4444
[3871 2646 1932 515 312 269] 5 1372 6 4444
[3871 2646 1932 515 312 269] 5 1249 7 4444
[3871 2646 1932 515 312 269 123] 5 1103 7 4444
[3871 2646 1932 515 312 269 146 123] 5 922 7 4444
[3871 2646 1932 515 312 269 146] 5 1045 7 4444
[3871 2646 1932 515 312 269 146] 5 922 8 4444
[3871 2646 1932 521 515 407 312 304 269 181 146 123] 5 0 4 4444
[3871 2646 1932 521 407 312 304 269 181 146 123] 5 515 4 4444
[3871 2646 1932 521 312 304 269 181 146 123] 5 922 4 4444
[3871 2646 1932 521 304 269 181 146 123] 5 1234 4 4444
[3871 2646 1932 521 269 181 146 123] 5 1538 4 4444
[3871 2646 1932 521 181 146 123] 5 1807 4 4444
[3871 2646 1932 521 146 123] 5 1988 4 4444
[3871 2646 1932 521 123] 5 2134 4 4444
[3871 2646 1932 521] 5 2257 4 4444
[3871 2646 1932 521] 5 2134 5 4444
[3871 2646 1932 521 123] 5 1988 5 4444
[3871 2646 1932 521 146 123] 5 1807 5 4444
[3871 2646 1932 521 146] 5 1930 5 4444
[3871 2646 1932 521 146] 5 1807 6 4444
[3871 2646 1932 521 181 146 123] 5 1538 5 4444
[3871 2646 1932 521 181 123] 5 1684 5 4444
[3871 2646 1932 521 181] 5 1807 5 4444
[3871 2646 1932 521 181] 5 1684 6 4444
[3871 2646 1932 521 181 123] 5 1538 6 4444
[3871 2646 1932 521 269 181 146 123] 5 1234 5 4444
[3871 2646 1932 521 269 146 123] 5 1415 5 4444
[3871 2646 1932 521 269 123] 5 1561 5 4444
[3871 2646 1932 521 269] 5 1684 5 4444
[3871 2646 1932 521 269] 5 1561 6 4444
[3871 2646 1932 521 269 123] 5 1415 6 4444
[3871 2646 1932 521 269 146 123] 5 1234 6 4444
[3871 2646 1932 521 269 146] 5 1357 6 4444
[3871 2646 1932 521 269 146] 5 1234 7 4444
[3871 2646 1932 521 304 269 181 146 123] 5 922 5 4444
[3871 2646 1932 521 304 181 146 123] 5 1191 5 4444
[3871 2646 1932 521 304 146 123] 5 1372 5 4444
[3871 2646 1932 521 304 123] 5 1518 5 4444
[3871 2646 1932 521 304] 5 1641 5 4444
[3871 2646 1932 521 304] 5 1518 6 4444
[3871 2646 1932 521 304 123] 5 1372 6 4444
[3871 2646 1932 521 304 146 123] 5 1191 6 4444
[3871 2646 1932 521 304 146] 5 1314 6 4444
[3871 2646 1932 521 304 146] 5 1191 7 4444
[3871 2646 1932 521 304 181 146 123] 5 922 6 4444
[3871 2646 1932 521 304 181 123] 5 1068 6 4444
[3871 2646 1932 521 304 181] 5 1191 6 4444
[3871 2646 1932 521 304 181] 5 1068 7 4444
[3871 2646 1932 521 304 181 123] 5 922 7 4444
[3871 2646 1932 521 312 304 269 181 146 123] 5 515 5 4444
[3871 2646 1932 521 312 269 181 146 123] 5 819 5 4444
[3871 2646 1932 521 312 181 146 123] 5 1088 5 4444
[3871 2646 1932 521 312 146 123] 5 1269 5 4444
[3871 2646 1932 521 312 123] 5 1415 5 4444
[3871 2646 1932 521 312] 5 1538 5 4444
[3871 2646 1932 521 312] 5 1415 6 4444
[3871 2646 1932 521 312 123] 5 1269 6 4444
[3871 2646 1932 521 312 146 123] 5 1088 6 4444
[3871 2646 1932 521 312 146] 5 1211 6 4444
[3871 2646 1932 521 312 146] 5 1088 7 4444
[3871 2646 1932 521 312 181 146 123] 5 819 6 4444
[3871 2646 1932 521 312 181 123] 5 965 6 4444
[3871 2646 1932 521 312 181] 5 1088 6 4444
[3871 2646 1932 521 312 181] 5 965 7 4444
[3871 2646 1932 521 312 181 123] 5 819 7 4444
[3871 2646 1932 521 312 269 181 146 123] 5 515 6 4444
[3871 2646 1932 521 312 269 146 123] 5 696 6 4444
[3871 2646 1932 521 312 269 123] 5 842 6 4444
[3871 2646 1932 521 312 269] 5 965 6 4444
[3871 2646 1932 521 312 269] 5 842 7 4444
[3871 2646 1932 521 312 269 123] 5 696 7 4444
[3871 2646 1932 521 312 269 146 123] 5 515 7 4444
[3871 2646 1932 521 312 269 146] 5 638 7 4444
[3871 2646 1932 521 312 269 146] 5 515 8 4444
[3871 2646 1932 521 407 312 304 269 181 146 123] 5 0 5 4444
[3871 2646 1932 521 407 304 269 181 146 123] 5 312 5 4444
[3871 2646 1932 521 407 269 181 146 123] 5 616 5 4444
[3871 2646 1932 521 407 181 146 123] 5 885 5 4444
[3871 2646 1932 521 407 146 123] 5 1066 5 4444
[3871 2646 1932 521 407 123] 5 1212 5 4444
[3871 2646 1932 521 407] 5 1335 5 4444
[3871 2646 1932 521 407] 5 1212 6 4444
[3871 2646 1932 521 407 123] 5 1066 6 4444
[3871 2646 1932 521 407 146 123] 5 885 6 4444
[3871 2646 1932 521 407 146] 5 1008 6 4444
[3871 2646 1932 521 407 146] 5 885 7 4444
[3871 2646 1932 521 407 181 146 123] 5 616 6 4444
[3871 2646 1932 521 407 181 123] 5 762 6 4444
[3871 2646 1932 521 407 181] 5 885 6 4444
[3871 2646 1932 521 407 181] 5 762 7 4444
[3871 2646 1932 521 407 181 123] 5 616 7 4444
[3871 2646 1932 521 407 269 181 146 123] 5 312 6 4444
[3871 2646 1932 521 407 269 146 123] 5 493 6 4444
[3871 2646 1932 521 407 269 123] 5 639 6 4444
[3871 2646 1932 521 407 269] 5 762 6 4444
[3871 2646 1932 521 407 269] 5 639 7 4444
[3871 2646 1932 521 407 269 123] 5 493 7 4444
[3871 2646 1932 521 407 269 146 123] 5 312 7 4444
[3871 2646 1932 521 407 269 146] 5 435 7 4444
[3871 2646 1932 521 407 269 146] 5 312 8 4444
[3871 2646 1932 521 407 304 269 181 146 123] 5 0 6 4444
[3871 2646 1932 521 407 304 181 146 123] 5 269 6 4444
[3871 2646 1932 521 407 304 146 123] 5 450 6 4444
[3871 2646 1932 521 407 304 123] 5 596 6 4444
[3871 2646 1932 521 407 304] 5 719 6 4444
[3871 2646 1932 521 407 304] 5 596 7 4444
[3871 2646 1932 521 407 304 123] 5 450 7 4444
[3871 2646 1932 521 407 304 146 123] 5 269 7 4444
[3871 2646 1932 521 407 304 146] 5 392 7 4444
[3871 2646 1932 521 407 304 146] 5 269 8 4444
[3871 2646 1932 521 407 304 181 146 123] 5 0 7 4444
[3871 2646 1932 521 407 304 181 123] 5 146 7 4444
[3871 2646 1932 521 407 304 181] 5 269 7 4444
[3871 2646 1932 521 407 304 181] 5 146 8 4444
[3871 2646 1932 521 407 304 181 123] 5 0 8 4444
1111 false
